#茶港门 1
1 2 82 201 105 199 123 193 160 190 -1
#工学部菜市场 2
2 3 160 190 198 178 -1
2 4 160 190 144 241 152 291 157 299 159 316 -1
#武大二附小/自强超市 3
3 24 198 178 223 223 -1
#西一门 4
4 5 159 316 291 361 -1
#化院 5
5 7 291 361 276 393 246 417 201 445 -1
5 6 291 361 309 316 -1
#教五 6
6 21 309 316 327 297 346 287 -1
6 20 309 316 292 307 278 231 279 212 -1
6 24 309 316 292 307 255 273 225 224 -1
#牌坊 7
7 8 201 445 263 429 316 467 325 467 -1
#生科院 8
8 9 325 469 336 426 348 419 356 379 -1
#新图书馆/物院 9
9 10 356 379 382 269 -1
#鉴湖/万林 10
10 21 382 269 346 287 -1
10 22 382 269 384 244 365 245 365 238 354 231 -1
10 11 382 269 386 214 -1
10 26 382 269 416 289 431 291 -1
10 12 383 267 395 257 466 224 473 232 -1
#樱花城堡 11
11 22 386 214 384 244 365 245 365 238 354 231 -1
11 25 386 214 487 195 513 192 -1
#梅园小操场 12
12 25 473 232 466 224 493 212 513 192 -1
12 13 473 232 466 224 493 212 506 246 519 266 -1
12 26 473 232 451 262 432 291 -1
#行政楼 13
13 14 519 266 542 262 572 263 -1
13 26 520 267 499 274 476 288 465 292 453 294 431 291 -1
#马院 14
14 15 572 263 577 312 -1
14 23 572 263 577 255 567 185 -1
#珞珈山庄 15
15 16 574 305 650 307 718 301 740 311 763 307 771 304 -1
#枫园 16
16 17 772 303 776 296 777 279 763 245 764 213 750 206 741 209 728 171 706 127 -1
16 19 772 305 807 305 837 303 858 312 883 332 944 367 -1
#湖滨 17
17 18 713 138 697 112 704 92 702 78 702 60 -1
17 23 713 138 656 123 643 124 631 131 568 185 -1
#凌波门 18
#杨波门 19
#教三/教六 20
20 24 278 213 225 224 -1
20 22 278 213 307 208 354 231 -1
#教四 21
21 22 347 288 345 257 366 255 365 238 354 231 -1
#宋卿/鲲鹏广场 22
#新传院 23
23 25 567 185 513 192 -1
#计算机学院/桂园 24
#理教楼 25
#万林/梅园 26